%YAML:1.0
pose_0: !!opencv-nd-matrix
   sizes: [ 4, 18, 3 ]
   dt: f
   data: [ 0., 0., 0., 4.21278656e+02, 3.05226196e+02, 9.24007535e-01,
       4.48682983e+02, 3.07864441e+02, 7.79352903e-01, 4.66972870e+02,
       3.46959320e+02, 6.85341477e-01, 4.51309174e+02, 3.67775940e+02,
       5.02176762e-01, 3.90007172e+02, 2.98733337e+02, 9.33014274e-01,
       3.58657562e+02, 3.28764587e+02, 8.21988881e-01, 3.82169891e+02,
       3.56073700e+02, 7.49457479e-01, 4.30438080e+02, 3.86092010e+02,
       7.24988401e-01, 4.21266418e+02, 4.49988251e+02, 8.09062541e-01,
       4.14803925e+02, 4.76143433e+02, 8.54914039e-02, 3.92641663e+02,
       3.82173676e+02, 6.96185112e-01, 3.83497192e+02, 4.39585327e+02,
       7.33200669e-01, 3.76976898e+02, 4.76134247e+02, 1.15262866e-01,
       0., 0., 0., 0., 0., 0., 4.35648193e+02, 2.81739990e+02,
       6.80577636e-01, 4.09558533e+02, 2.77834290e+02, 9.60902154e-01,
       0., 0., 0., 4.78686157e+02, 2.67378662e+02, 8.70876849e-01,
       5.02196014e+02, 2.66125122e+02, 8.31777573e-01, 5.04789154e+02,
       2.87011475e+02, 3.93880248e-01, 4.90440613e+02, 2.96120972e+02,
       1.25429749e-01, 4.57804504e+02, 2.68726196e+02, 8.23544025e-01,
       4.43506287e+02, 3.01311707e+02, 7.09543645e-01, 0., 0., 0.,
       4.86557465e+02, 3.30023895e+02, 7.04381585e-01, 4.86500671e+02,
       3.80919373e+02, 8.52809906e-01, 4.96958069e+02, 4.40828491e+02,
       7.87041664e-01, 4.60453674e+02, 3.31319855e+02, 6.40231133e-01,
       4.60454559e+02, 3.87379974e+02, 7.41530359e-01, 4.64370178e+02,
       4.44805298e+02, 8.17475200e-01, 0., 0., 0., 0., 0., 0.,
       4.86553802e+02, 2.43842148e+02, 3.51255596e-01, 4.64355347e+02,
       2.43967819e+02, 7.47951508e-01, 0., 0., 0., 3.84761596e+00,
       3.27409210e+02, 4.88504648e-01, 1.57214537e+01, 3.30049194e+02,
       8.45696688e-01, 2.47333508e+01, 3.74328247e+02, 8.16075683e-01,
       2.61109676e+01, 3.99129883e+02, 8.39724064e-01, 0., 0., 0., 0.,
       0., 0., 0., 0., 0., 3.85921717e+00, 4.01752533e+02,
       4.56469476e-01, 3.84763575e+00, 4.59137268e+02, 1.73447266e-01,
       0., 0., 0., 3.84648180e+00, 4.01771790e+02, 1.78088501e-01, 0.,
       0., 0., 0., 0., 0., 0., 0., 0., 0., 0., 0., 1.43580503e+01,
       2.97385101e+02, 8.39359939e-01, 0., 0., 0., 3.28768311e+02,
       2.10012009e+02, 7.85469890e-01, 3.22173828e+02, 2.17807541e+02,
       8.28326881e-01, 2.96142487e+02, 2.23031647e+02, 8.77570510e-01,
       2.76482788e+02, 2.50450348e+02, 8.73181760e-01, 2.97390045e+02,
       2.73938873e+02, 8.11682522e-01, 3.48251160e+02, 2.12663055e+02,
       9.31496263e-01, 3.67807220e+02, 2.34835480e+02, 8.56714427e-01,
       3.67829407e+02, 2.62187439e+02, 7.93037415e-01, 3.10449127e+02,
       2.85696899e+02, 8.12761247e-01, 3.28678314e+02, 3.36531708e+02,
       8.55522156e-01, 3.37815399e+02, 3.95210175e+02, 7.10143030e-01,
       3.39182953e+02, 2.84329407e+02, 8.29527617e-01, 3.40480682e+02,
       3.33913605e+02, 6.55766845e-01, 3.49526733e+02, 3.78276703e+02,
       5.85706592e-01, 3.27410706e+02, 2.03539978e+02, 7.89427638e-01,
       3.32620789e+02, 2.03542542e+02, 7.29089200e-01, 3.18239868e+02,
       2.02187073e+02, 6.96153998e-01, 3.37847992e+02, 2.02240051e+02,
       2.49425113e-01 ]
